meta-classifing NC ... 


Simple Classifiers:


---------------------------


 Regular CV 10 folds for dt

---

F1 Scores: 0.5276 [ +/- 0.0327]
Accuracy Scores: 0.5267 [ +/- 0.0333]
Precision Scores: 0.5447 [ +/- 0.0333]
Recall Scores: 0.5267 [ +/- 0.0333]
---

[[110.  19.  12.  21.  43.  27.  14.  15.  12.]
 [ 14. 116.  15.  25.  28.  11.  22.   9.   6.]
 [ 11.   8. 150.   9.  23.  29.  11.   2.  10.]
 [ 16.  28.   4. 146.  44.   7.  19.  11.  18.]
 [ 16.  14.   6.  27. 140.   5.  18.  10.  11.]
 [ 25.   7.  26.   8.  21. 148.  13.   3.   4.]
 [ 16.  17.  16.  25.  27.   5. 128.   5.  14.]
 [ 14.   6.  10.  20.  28.  10.   7. 179.   7.]
 [ 16.  10.  17.  18.  33.  11.  23.  12. 133.]]

---------------------------


---------------------------


 Regular CV 10 folds for mnb

---

F1 Scores: 0.7704 [ +/- 0.0142]
Accuracy Scores: 0.7729 [ +/- 0.0152]
Precision Scores: 0.7899 [ +/- 0.0169]
Recall Scores: 0.7729 [ +/- 0.0152]
---

[[187.   5.   7.   8.   5.  41.   3.   7.  10.]
 [ 20. 140.   5.  27.   4.  21.  19.   4.   6.]
 [  3.   1. 212.   1.   0.  24.   3.   0.   9.]
 [  4.   4.   1. 246.  12.   7.   4.   1.  14.]
 [ 20.   4.   4.  33. 152.  11.   6.  13.   4.]
 [ 10.   0.  15.   2.   0. 221.   3.   1.   3.]
 [ 10.   6.  13.   3.   1.  10. 199.   1.  10.]
 [  5.   2.   1.   3.   2.   7.   0. 261.   0.]
 [ 12.   2.   6.   9.   0.  13.  13.   1. 217.]]

---------------------------


---------------------------


 Regular CV 10 folds for svc

---

F1 Scores: 0.7960 [ +/- 0.0203]
Accuracy Scores: 0.7970 [ +/- 0.0195]
Precision Scores: 0.8016 [ +/- 0.0211]
Recall Scores: 0.7970 [ +/- 0.0195]
---

[[191.   7.   8.   6.  12.  27.   9.   6.   7.]
 [ 13. 177.   4.  17.   8.   5.  16.   3.   3.]
 [  6.   1. 208.   0.   2.  16.   7.   1.  12.]
 [  3.  12.   0. 238.  20.   0.   4.   2.  14.]
 [ 13.  10.   5.  18. 178.   3.   6.  12.   2.]
 [ 14.   2.  20.   0.   3. 206.   6.   1.   3.]
 [ 11.   6.  10.   3.   4.   3. 206.   1.   9.]
 [  2.   4.   0.   3.   5.   3.   0. 262.   2.]
 [ 11.   3.   6.   9.   0.   4.  13.   1. 226.]]

---------------------------


---------------------------


 Regular CV 10 folds for Logistic Regression

---

F1 Scores: 0.7862 [ +/- 0.0209]
Accuracy Scores: 0.7878 [ +/- 0.0209]
Precision Scores: 0.7932 [ +/- 0.0223]
Recall Scores: 0.7878 [ +/- 0.0209]
---

[[198.   6.   6.   8.  12.  17.  10.   7.   9.]
 [ 17. 165.   3.  20.   9.   7.  16.   4.   5.]
 [  8.   1. 205.   2.   0.  17.   4.   1.  15.]
 [  6.   8.   0. 243.  15.   0.   3.   4.  14.]
 [ 16.  11.   1.  24. 170.   2.   6.  13.   4.]
 [ 17.   5.  14.   3.   2. 206.   4.   1.   3.]
 [ 13.   6.   9.   3.   4.   2. 205.   0.  11.]
 [  5.   3.   1.   4.   4.   3.   0. 260.   1.]
 [ 14.   3.   4.  10.   1.   5.  16.   2. 218.]]

---------------------------



Ensembles and Meta-Classifiers:


CV 10 folds - AdaBoost
---

F1 Scores: 0.3617 [ +/- 0.0347]
Accuracy Scores: 0.3597 [ +/- 0.0248]
Precision Scores: 0.5272 [ +/- 0.0493]
Recall Scores: 0.3597 [ +/- 0.0248]
---

[[111.   7.   9.  26.  23.  23.  11.  55.   8.]
 [ 61.  91.   7.  14.  15.  12.  11.  33.   2.]
 [ 25.   2. 129.   4.   9.  36.   7.  25.  16.]
 [ 90.  12.   0.  87.  28.   7.   6.  58.   5.]
 [107.   8.   3.  32.  35.   5.   5.  48.   4.]
 [ 29.   3.  21.   7.   9. 161.   6.  11.   8.]
 [ 73.   7.   7.  22.  20.   4.  67.  47.   6.]
 [ 97.   2.   5.  25.  25.   7.   4. 109.   7.]
 [ 79.   2.   6.  20.  20.  12.   8.  62.  64.]]

CV 10 folds - RandomForest
---

F1 Scores: 0.6852 [ +/- 0.0286]
Accuracy Scores: 0.6869 [ +/- 0.0274]
Precision Scores: 0.6949 [ +/- 0.0285]
Recall Scores: 0.6869 [ +/- 0.0274]
---

[[150.   9.  10.  15.  27.  28.  11.  13.  10.]
 [ 15. 130.   5.  25.  21.   9.  23.   7.  11.]
 [  6.   1. 201.   4.   6.  21.   5.   0.   9.]
 [ 11.  16.   1. 202.  22.   4.   8.  10.  19.]
 [ 17.  11.   4.  30. 156.   6.   7.  12.   4.]
 [ 15.   0.  18.   3.   9. 195.   8.   3.   4.]
 [  9.  11.  12.  14.  15.   6. 160.   5.  21.]
 [  7.   2.   3.   4.  16.   6.   2. 241.   0.]
 [ 13.   5.   9.  12.  13.   8.   9.   8. 196.]]

CV 10 folds - VotingClassifier
---

F1 Scores: 0.7911 [ +/- 0.0208]
Accuracy Scores: 0.7924 [ +/- 0.0207]
Precision Scores: 0.7989 [ +/- 0.0228]
Recall Scores: 0.7924 [ +/- 0.0207]
---

[[200.   7.   6.   5.  10.  22.   8.   6.   9.]
 [ 20. 164.   4.  21.   7.   7.  15.   3.   5.]
 [  6.   1. 210.   1.   1.  17.   5.   1.  11.]
 [  5.  10.   0. 246.  13.   0.   4.   2.  13.]
 [ 18.   9.   4.  26. 169.   3.   4.  11.   3.]
 [ 16.   3.  18.   1.   2. 208.   3.   1.   3.]
 [ 12.   6.  10.   3.   4.   4. 204.   0.  10.]
 [  5.   3.   1.   3.   5.   3.   0. 260.   1.]
 [ 14.   3.   5.   9.   0.   7.  13.   2. 220.]]

CV 10 folds - BaggingClassifier
---

F1 Scores: 0.7960 [ +/- 0.0203]
Accuracy Scores: 0.7970 [ +/- 0.0195]
Precision Scores: 0.8016 [ +/- 0.0211]
Recall Scores: 0.7970 [ +/- 0.0195]
---

[[191.   7.   8.   6.  12.  27.   9.   6.   7.]
 [ 13. 177.   4.  17.   8.   5.  16.   3.   3.]
 [  6.   1. 208.   0.   2.  16.   7.   1.  12.]
 [  3.  12.   0. 238.  20.   0.   4.   2.  14.]
 [ 13.  10.   5.  18. 178.   3.   6.  12.   2.]
 [ 14.   2.  20.   0.   3. 206.   6.   1.   3.]
 [ 11.   6.  10.   3.   4.   3. 206.   1.   9.]
 [  2.   4.   0.   3.   5.   3.   0. 262.   2.]
 [ 11.   3.   6.   9.   0.   4.  13.   1. 226.]]


CV 10 folds - XGBClassifier
---

F1 Scores: 0.6649 [ +/- 0.0224]
Accuracy Scores: 0.6631 [ +/- 0.0228]
Precision Scores: 0.6753 [ +/- 0.0209]
Recall Scores: 0.6631 [ +/- 0.0228]
---

[[152.  12.   6.  10.  30.  23.  16.  14.  10.]
 [ 24. 149.   6.  17.  18.   6.  19.   4.   3.]
 [ 10.   3. 185.   3.  10.  25.   7.   0.  10.]
 [ 14.  19.   2. 187.  31.   5.  12.   8.  15.]
 [ 22.  15.   4.  29. 146.   5.  11.  11.   4.]
 [ 17.   3.  16.   5.  10. 189.   9.   2.   4.]
 [ 20.  16.   8.   9.  16.   4. 168.   4.   8.]
 [ 12.   3.   2.   8.  23.   4.   3. 220.   6.]
 [ 13.   8.   7.  13.  18.   8.  20.   8. 178.]]


StackingClassifier: 

---

F1 Scores: 0.7541 [ +/- 0.0147]
Accuracy Scores: 0.7557 [ +/- 0.0147]
Precision Scores: 0.7686 [ +/- 0.0127]
Recall Scores: 0.7557 [ +/- 0.0147]
---

[[188.  11.   7.   7.  15.  24.   9.   7.   5.]
 [ 42. 141.   3.  20.   7.  11.  16.   4.   2.]
 [ 10.   2. 198.   1.   3.  22.   6.   1.  10.]
 [  8.  15.   0. 230.  17.   4.   8.   0.  11.]
 [ 14.  10.   1.  33. 159.   8.   9.  10.   3.]
 [ 13.   4.  12.   2.   1. 209.  10.   1.   3.]
 [ 13.   5.   8.   5.   7.   2. 200.   2.  11.]
 [  4.   1.   2.   5.   6.   3.   6. 254.   0.]
 [ 12.   3.   4.  11.   0.   4.  18.   6. 215.]]