>>> home.test_classifiers(lc=False)

importing config file...

preparing the components...


meta-classifing NC ...

---------------------------


 Regular CV 10 folds for dt

---

F1 Scores: 0.5384
Accuracy Scores: 0.5372
Precision Scores: 0.5501
Recall Scores: 0.5372
---

[[119.  18.  10.  20.  36.  24.  14.  13.  19.]
 [ 26. 117.   6.  28.  20.  12.  22.   8.   7.]
 [ 10.   5. 159.  10.  16.  27.  12.   3.  11.]
 [ 15.  26.   6. 149.  46.   6.  13.  14.  18.]
 [ 20.  16.   8.  28. 123.   7.  18.  19.   8.]
 [ 23.   3.  30.   8.  12. 152.  13.   5.   9.]
 [ 11.  17.  15.  18.  36.   6. 128.  11.  11.]
 [ 15.   8.   8.   9.  34.   8.   5. 186.   8.]
 [ 14.  10.  14.  20.  26.   8.  22.  17. 142.]]

---------------------------


---------------------------


 Regular CV 10 folds for mnb

---

F1 Scores: 0.7760
Accuracy Scores: 0.7793
Precision Scores: 0.7938
Recall Scores: 0.7793
---

[[189.   6.   8.  10.   6.  35.   5.   5.   9.]
 [ 14. 138.   6.  32.   5.  22.  19.   4.   6.]
 [  2.   1. 215.   0.   0.  24.   3.   0.   8.]
 [  2.   4.   1. 250.  12.   7.   4.   3.  10.]
 [ 18.   4.   6.  35. 154.   9.   5.  13.   3.]
 [  9.   0.  15.   1.   0. 223.   3.   1.   3.]
 [ 11.   6.  14.   3.   1.   9. 199.   1.   9.]
 [  2.   2.   1.   3.   1.   7.   0. 265.   0.]
 [ 11.   2.   8.   6.   0.  13.  15.   1. 217.]]

---------------------------


---------------------------


 Regular CV 10 folds for svc

---

F1 Scores: 0.8002
Accuracy Scores: 0.8015
Precision Scores: 0.8055
Recall Scores: 0.8015
---

[[187.   8.   7.   6.  12.  25.   9.   6.  13.]
 [ 11. 175.   3.  22.   8.   6.  17.   2.   2.]
 [  6.   1. 208.   0.   1.  19.   6.   1.  11.]
 [  4.  12.   0. 242.  17.   1.   5.   3.   9.]
 [  9.   8.   6.  21. 184.   3.   6.   8.   2.]
 [ 14.   3.  17.   1.   2. 205.   7.   1.   5.]
 [ 12.   6.   6.   2.   5.   3. 211.   1.   7.]
 [  2.   3.   0.   3.   6.   2.   2. 263.   0.]
 [  8.   3.   6.   7.   0.   4.  16.   1. 228.]]

---------------------------


---------------------------


 Regular CV 10 folds for Logistic Regression

---

F1 Scores: 0.7843
Accuracy Scores: 0.7856
Precision Scores: 0.7904
Recall Scores: 0.7856
---

[[193.   6.   5.   8.  15.  18.   9.   8.  11.]
 [ 18. 162.   3.  27.   7.   7.  16.   3.   3.]
 [  8.   1. 205.   3.   0.  18.   6.   0.  12.]
 [  7.   8.   0. 240.  19.   0.   3.   3.  13.]
 [ 13.   9.   4.  27. 174.   3.   5.   9.   3.]
 [ 19.   5.  14.   3.   2. 200.   5.   2.   5.]
 [ 13.   6.   8.   3.   6.   1. 207.   0.   9.]
 [  2.   3.   1.   5.   5.   3.   0. 262.   0.]
 [ 10.   4.   4.   9.   1.   5.  17.   1. 222.]]

---------------------------



Doing some actual metaclassification:

StackingClassifier:
Accuracy: 0.7661 (+/- 0.0554)

VotingClassifier:
Accuracy: 0.7826 (+/- 0.0601)

BaggingClassifier:
Accuracy: 0.79 (+/- 0.06)

**********************************************************************
ENSEMBLE WITHOUT DECISIONTREES:
**********************************************************************


VotingClassifier:
Accuracy: 0.7847 (+/- 0.0600)

BaggingClassifier:
Accuracy: 0.79 (+/- 0.06)